[[468.55994   ]
 [ -3.8936453 ]
 [347.39575   ]
 [ 37.201736  ]
 [ 28.560917  ]
 [187.06052   ]
 [ 76.084854  ]
 [ 39.584538  ]
 [ 69.93016   ]
 [ 30.834278  ]
 [ 52.833637  ]
 [ 30.048058  ]
 [312.84497   ]
 [ 24.471252  ]
 [ 98.72365   ]
 [ 40.95693   ]
 [ 48.313816  ]
 [187.93259   ]
 [ 64.70012   ]
 [ 31.455849  ]
 [162.51529   ]
 [ 39.38436   ]
 [  8.0964985 ]
 [330.50336   ]
 [ 33.06706   ]
 [197.10565   ]
 [ 38.805073  ]
 [ 27.430485  ]
 [256.0667    ]
 [152.01239   ]
 [199.25851   ]
 [224.63582   ]
 [342.21094   ]
 [ 21.133255  ]
 [323.27988   ]
 [ 39.565758  ]
 [183.70258   ]
 [189.33563   ]
 [241.94868   ]
 [ 80.43618   ]
 [414.19537   ]
 [  8.210162  ]
 [162.31036   ]
 [ 33.090908  ]
 [376.26874   ]
 [ 18.954212  ]
 [ 63.956863  ]
 [246.81415   ]
 [256.573     ]
 [  0.94608784]
 [241.2472    ]
 [ 13.831645  ]
 [  8.902804  ]
 [ 34.259785  ]
 [ 60.72069   ]
 [ 32.932816  ]
 [ 17.426132  ]
 [175.5125    ]
 [ 76.90614   ]
 [158.82443   ]
 [ 66.76361   ]
 [318.30206   ]
 [ 57.67571   ]
 [214.61154   ]
 [ 32.170204  ]
 [265.34665   ]
 [ 32.78751   ]
 [323.34943   ]
 [ 14.27975   ]
 [ 16.849361  ]
 [ 15.034596  ]
 [183.28856   ]
 [119.937096  ]
 [ 33.84876   ]
 [ 29.38514   ]
 [312.51556   ]
 [198.95131   ]
 [129.09164   ]
 [ 82.46878   ]
 [294.3456    ]
 [125.58839   ]
 [ 40.04988   ]
 [ 52.89981   ]]