[[ 81.66002  ]
 [ 47.40044  ]
 [ 31.532108 ]
 [ 36.90345  ]
 [ 33.45364  ]
 [100.01594  ]
 [ 48.836075 ]
 [ 92.633446 ]
 [ 75.42146  ]
 [ 97.17593  ]
 [230.18404  ]
 [ 52.98149  ]
 [ -4.467558 ]
 [ -7.3962975]
 [ -3.4133656]
 [ 80.096985 ]
 [ 98.84953  ]
 [ 82.30822  ]
 [122.251045 ]
 [ 95.53293  ]
 [238.20494  ]
 [ 50.49504  ]
 [ 56.67492  ]
 [176.34984  ]
 [ 54.60609  ]
 [ 60.369717 ]
 [ 38.56001  ]
 [ 41.031746 ]
 [209.19621  ]
 [ 62.03557  ]
 [ 17.207636 ]
 [ 28.8548   ]
 [ 53.555836 ]
 [204.06615  ]
 [ 74.43718  ]
 [ 73.51601  ]
 [ 58.525417 ]
 [206.05876  ]
 [175.51743  ]
 [ 31.872517 ]
 [ 54.11403  ]
 [ 97.29238  ]
 [ 99.1742   ]
 [ 79.98228  ]
 [ 66.94577  ]
 [ 76.87579  ]
 [197.20439  ]
 [161.0153   ]
 [ 45.083126 ]
 [ 46.20757  ]
 [309.81516  ]
 [ 79.055695 ]
 [ 13.445587 ]
 [ 26.806755 ]
 [ 27.22959  ]
 [120.474815 ]
 [168.52051  ]
 [ 64.91692  ]
 [ 96.43124  ]
 [175.54631  ]
 [103.154335 ]
 [  8.981937 ]
 [ 11.301426 ]
 [ 15.345857 ]
 [132.50116  ]
 [ 75.43404  ]
 [ 57.191196 ]
 [ 68.885    ]
 [ 60.18526  ]
 [176.51286  ]
 [145.86316  ]
 [122.877975 ]
 [148.43546  ]
 [104.03128  ]
 [110.24257  ]
 [233.72466  ]
 [ 75.931145 ]
 [ 75.650566 ]
 [ 91.228455 ]
 [189.8264   ]
 [199.41724  ]
 [ 10.816375 ]
 [258.1691   ]
 [ 36.788403 ]
 [ 35.21521  ]
 [109.6311   ]
 [ 58.007103 ]
 [  2.7749336]
 [  8.4466505]
 [ -6.078104 ]
 [  9.044794 ]
 [188.01936  ]
 [143.56691  ]
 [ 27.066263 ]
 [ 32.203106 ]
 [ 54.835205 ]
 [ 51.432938 ]
 [162.5027   ]
 [  7.0517178]
 [ 34.874626 ]
 [240.99886  ]
 [110.20232  ]
 [ 56.697567 ]
 [ 39.330357 ]
 [ 47.12358  ]
 [ 47.325996 ]
 [185.623    ]
 [113.2972   ]
 [ 12.785159 ]
 [ 10.714133 ]
 [ 13.663604 ]
 [224.97969  ]
 [110.60318  ]
 [ 96.646065 ]
 [ 87.26946  ]
 [191.31323  ]
 [126.69198  ]
 [ 61.696903 ]
 [ 58.092842 ]
 [213.1412   ]
 [162.35239  ]
 [ 28.622778 ]
 [ 36.55327  ]
 [127.02332  ]
 [ 65.40059  ]
 [ -0.5191672]
 [ 11.987196 ]
 [ 66.79775  ]
 [ 71.810524 ]
 [ 36.633198 ]
 [ 43.379787 ]
 [115.45759  ]
 [220.33597  ]
 [ 67.45226  ]
 [ 53.4823   ]
 [ 50.312332 ]
 [129.42969  ]
 [ 55.017944 ]
 [ 39.313007 ]
 [ 17.57675  ]
 [ 22.20872  ]
 [155.93814  ]
 [ 24.488918 ]
 [ 56.46815  ]
 [ 67.27388  ]
 [ 71.17379  ]]