[[ 89.76169  ]
 [ 93.7589   ]
 [ 57.568504 ]
 [ 27.95717  ]
 [ 79.16861  ]
 [  6.361542 ]
 [115.283554 ]
 [ 74.89177  ]
 [149.47513  ]
 [ 28.967447 ]
 [  2.7934856]
 [ 16.672268 ]
 [167.17674  ]
 [ 25.995707 ]
 [ 18.831537 ]
 [ 27.751425 ]
 [ 55.50889  ]
 [ 75.03066  ]
 [ 23.111525 ]
 [ 70.812775 ]
 [ 58.938515 ]
 [ 50.79184  ]
 [102.747284 ]
 [ 21.029388 ]
 [ 26.63048  ]
 [ 13.761906 ]
 [ 29.692234 ]
 [ 20.457685 ]
 [ 50.749763 ]
 [ 38.39943  ]
 [ 18.249731 ]
 [ 15.6418295]
 [110.426    ]
 [ 37.096405 ]
 [ 11.73791  ]
 [ 10.017895 ]
 [ 90.070114 ]
 [138.92235  ]
 [ 24.824804 ]
 [109.634415 ]
 [ 44.1315   ]
 [  3.116974 ]
 [233.63277  ]
 [ 55.777664 ]
 [ 12.2078705]
 [ 11.186154 ]
 [116.41671  ]
 [ 12.562869 ]
 [ 67.97795  ]
 [ 26.227022 ]
 [ 43.123543 ]
 [141.30373  ]
 [147.19804  ]
 [ 41.553482 ]
 [ 66.57717  ]
 [ 22.70535  ]
 [ 21.73539  ]
 [  9.649981 ]
 [114.50549  ]
 [ 30.59353  ]
 [  6.6325636]
 [ 10.893249 ]
 [ 20.365845 ]
 [115.45122  ]
 [ 26.82462  ]
 [  9.415009 ]
 [133.92229  ]
 [ 88.00363  ]
 [ 74.29527  ]
 [  9.574679 ]
 [ 48.28147  ]
 [ 23.537851 ]
 [  6.675478 ]
 [ 74.54967  ]
 [ 18.912338 ]
 [  7.316603 ]
 [  8.05422  ]
 [ 61.71026  ]
 [ 67.67203  ]
 [ 62.176582 ]
 [ 31.804388 ]
 [ 18.15405  ]
 [ 43.829453 ]
 [  7.8518405]
 [ 22.083078 ]
 [ 31.929785 ]
 [ 16.868397 ]
 [ 28.42474  ]
 [ 15.088187 ]
 [133.34438  ]
 [ 52.119774 ]
 [ 19.920603 ]
 [ 32.565002 ]
 [ 22.321426 ]
 [  9.052973 ]
 [ 19.587675 ]
 [ 63.019394 ]
 [ 11.807615 ]
 [ 11.190581 ]
 [  7.614711 ]
 [174.47255  ]
 [ 35.85241  ]
 [ 28.565788 ]
 [ 43.2612   ]
 [161.93758  ]
 [ 40.247314 ]
 [ 42.495514 ]
 [ 23.212015 ]
 [ 61.679367 ]
 [ 60.886963 ]
 [ 56.0823   ]
 [  6.75112  ]
 [135.24156  ]
 [ 51.382774 ]
 [ 45.93016  ]
 [118.880974 ]
 [ 60.173447 ]
 [ 22.256433 ]
 [ 51.80532  ]]