[[119.92625  ]
 [299.92227  ]
 [151.3652   ]
 [ 80.65413  ]
 [ 71.47175  ]
 [117.90085  ]
 [ 57.262085 ]
 [ 73.83588  ]
 [ 52.929253 ]
 [ 51.21263  ]
 [249.2599   ]
 [182.95822  ]
 [ 46.7661   ]
 [ 65.781586 ]
 [ 41.577408 ]
 [ 33.070213 ]
 [ 44.739246 ]
 [ 34.72604  ]
 [ 28.1247   ]
 [155.64438  ]
 [ 46.82527  ]
 [ 41.760094 ]
 [ 96.794266 ]
 [ 39.773052 ]
 [ 42.009335 ]
 [171.81717  ]
 [ 54.13207  ]
 [ 54.300182 ]
 [ 49.775745 ]
 [ 36.04161  ]
 [253.28178  ]
 [ 40.084866 ]
 [145.56485  ]
 [ 75.32791  ]
 [ 49.758472 ]
 [ 63.457485 ]
 [ 31.581053 ]
 [115.45147  ]
 [ 74.38016  ]
 [ 28.867498 ]
 [ 31.506662 ]
 [ 24.100397 ]
 [ 15.226648 ]
 [ 16.020859 ]
 [ 10.871849 ]
 [ 90.06643  ]
 [183.8518   ]
 [ 23.517824 ]
 [ 64.237404 ]
 [ 55.233654 ]
 [ 52.02853  ]
 [ 67.84139  ]
 [ 59.257313 ]
 [110.87092  ]
 [161.62054  ]
 [ 14.70812  ]
 [113.009926 ]
 [ 13.355101 ]
 [ 12.133345 ]
 [128.24492  ]
 [144.20294  ]
 [ 30.483463 ]
 [ 41.06701  ]
 [170.22115  ]
 [ 26.871305 ]
 [ 33.796597 ]
 [ 36.150448 ]
 [ 41.486767 ]
 [ 37.217632 ]
 [ 49.926414 ]
 [ 48.29332  ]
 [ 37.821426 ]
 [ 31.428423 ]
 [ 37.96797  ]
 [ 25.842546 ]
 [ 22.247711 ]
 [ 11.451071 ]
 [120.23181  ]
 [ 51.166794 ]
 [ 14.880259 ]
 [ 15.312843 ]
 [169.88058  ]
 [ 57.56849  ]
 [ 97.510765 ]
 [ 77.338615 ]
 [ 65.73059  ]
 [ 72.30073  ]
 [159.4376   ]
 [118.20395  ]
 [118.94978  ]
 [111.93038  ]
 [129.71217  ]
 [ 90.6309   ]
 [ 96.91573  ]
 [110.45891  ]
 [190.12468  ]
 [196.12668  ]
 [ 30.66679  ]
 [ 28.303085 ]
 [ 28.383202 ]
 [ 98.08436  ]
 [ 48.82914  ]
 [257.2566   ]
 [ 91.40566  ]
 [ 27.997784 ]
 [ 46.695637 ]
 [142.87738  ]
 [ 24.775738 ]
 [103.08045  ]
 [128.95279  ]
 [ 23.922443 ]
 [ 22.08809  ]
 [ 20.35898  ]
 [ 44.63268  ]
 [ 47.38542  ]
 [ 61.06678  ]
 [191.08136  ]
 [215.0754   ]
 [199.72368  ]
 [ 89.53278  ]
 [133.35452  ]
 [ 92.43838  ]
 [ 96.210335 ]
 [ 76.97607  ]
 [123.550964 ]
 [ 89.15966  ]
 [108.89608  ]
 [123.91607  ]
 [ 95.452415 ]
 [201.78564  ]
 [ 63.647346 ]
 [ 32.378044 ]
 [ 40.411804 ]
 [ 43.866287 ]
 [ 83.50199  ]
 [134.35672  ]
 [ 58.37405  ]
 [ 51.76305  ]
 [ 35.86569  ]
 [ 63.356342 ]
 [ 44.828903 ]
 [148.37016  ]
 [ 25.980932 ]
 [ 26.638893 ]
 [ 21.021996 ]
 [ 27.360289 ]
 [172.74333  ]
 [ 72.62415  ]
 [ 70.43625  ]
 [ 56.384415 ]
 [ 58.930576 ]
 [ 52.350292 ]
 [ 64.7668   ]
 [ 31.351374 ]
 [191.70078  ]
 [  8.4142   ]
 [ 31.789654 ]
 [ 27.510202 ]
 [ 21.413942 ]
 [ 14.946026 ]
 [ 17.820892 ]
 [ 16.763622 ]
 [105.80643  ]
 [178.62254  ]
 [ 34.620388 ]
 [ 63.62743  ]
 [ 35.525032 ]
 [ 38.84491  ]
 [ 31.24235  ]
 [327.4407   ]
 [  3.6250672]
 [101.887024 ]
 [160.40842  ]
 [  5.5394664]
 [227.33134  ]
 [ 99.76519  ]
 [ 40.783154 ]
 [ 87.82122  ]
 [ 86.8909   ]
 [ 20.393787 ]
 [ 27.780703 ]
 [  8.251899 ]
 [126.40758  ]
 [132.59201  ]
 [ 84.10208  ]
 [ 94.45018  ]
 [ 27.193296 ]
 [ 27.288935 ]
 [ 49.692432 ]
 [ 75.40145  ]
 [ 65.99282  ]
 [135.70222  ]
 [ 42.173477 ]
 [ 45.89366  ]
 [ 55.51435  ]
 [ 36.47792  ]
 [135.43968  ]
 [ 77.08215  ]
 [272.2176   ]
 [ 61.07133  ]
 [105.34234  ]
 [ 49.66794  ]
 [ 86.15028  ]
 [175.30083  ]
 [172.38882  ]
 [ 54.68811  ]
 [ 47.17613  ]
 [ 51.26007  ]
 [ 53.269455 ]
 [118.240425 ]
 [ 52.03591  ]
 [ 40.974785 ]
 [ 59.872467 ]
 [ 64.30789  ]
 [ 59.03492  ]
 [ 72.14363  ]
 [ 37.93537  ]
 [ 99.07283  ]
 [ 37.465157 ]
 [ 74.96484  ]
 [ 69.643196 ]
 [ 90.28818  ]
 [ 75.588524 ]
 [ 26.207373 ]
 [ 46.825535 ]]